,,,Text Length,Normalization Factor,Total Distinct Tokens,Total Unique Tokens,Mean Token Commonness (0-17),stdDev of Mean Token Commonness,Mean Token Frequency,stdDev of Mean Token Frequency,Top 300 Mean Token Frequency,stdDev of Top 300 Mean Token Frequency,
1-gram,none,01 Telemachus,7165,0.188379124491,2028,266,7.02071005917,5.87539625494,3.53303747535,14.7477271757,16.4233333333,35.6837608569
1-gram,none,02 Nestor,4404,0.115788089917,1513,192,7.61929940516,6.12044326945,2.91077329808,10.3497640996,10.0066666667,21.8378865481
1-gram,none,03 Proteus,5677,0.149257263047,2305,552,5.85119305857,5.98551973649,2.46290672451,9.65695951317,11.1533333333,25.0719595476
1-gram,none,04 Calypso,5891,0.154883659787,2028,262,7.27514792899,5.86663363984,2.90483234714,11.9304905124,12.3733333333,29.2463209462
1-gram,none,05 Lotus Eaters,6375,0.167608781386,2020,255,7.38564356436,5.85190938051,3.15594059406,11.7209695877,13.9133333333,28.0588516436
1-gram,none,06 Hades,10889,0.286288944393,2813,405,6.46569498756,5.5822053486,3.87095627444,17.585221443,23.91,49.4299022185
1-gram,none,07 Aeolus,9877,0.25968187196,2871,530,6.06234761407,5.64458293736,3.44026471613,16.9728357295,21.1833333333,48.9987386459
1-gram,none,08 Laestrogynians,12566,0.330379913238,3601,646,5.69202999167,5.36176568993,3.48958622605,15.7779462462,25.5333333333,49.4762793894
1-gram,none,09 Scylla and Charybdis,11731,0.308426449323,3540,997,4.93107344633,5.52501200042,3.31384180791,17.1709280138,24.56,54.5877251159
1-gram,none,10 Wandering Rocks,12449,0.327303799132,3441,640,5.63993025283,5.45582437773,3.6178436501,18.0655951011,25.3466666667,56.7079637754
1-gram,none,11 Sirens,12137,0.319100828185,3201,698,5.62824117463,5.59001226409,3.79162761637,14.2737551508,24.72,40.9733441805
1-gram,none,12 Cyclops,21221,0.557933482319,5656,1650,4.08574964639,4.89600859687,3.75194483734,31.0440297878,44.0733333333,128.185573638
1-gram,none,13 Nausicaa,16730,0.439858025503,3559,607,5.81764540601,5.37533762,4.70075864007,25.2433745669,38.08,79.5431974883
1-gram,none,14 Oxen in the Sun,20335,0.534639148153,5906,2016,3.73907890281,4.86970288573,3.44310870301,25.0649051961,41.6333333333,103.999994658
1-gram,none,15 Circe,38035,1.0,9820,3463,3.08686354379,4.21949825442,3.87321792261,32.0182565607,68.5866666667,170.695935771
1-gram,none,16 Eumaeus,22724,0.597449717366,5379,1411,4.29726715003,4.95500614101,4.22457705893,30.8280971951,47.81,122.480068719
1-gram,none,17 Ithaca,22438,0.58993032733,7102,2810,3.05702618981,4.44902769404,3.15939172064,28.9501303811,38.3833333333,136.074010703
1-gram,none,18 Penelope,24197,0.636177205206,3626,622,5.77192498621,5.33991778941,6.67319360177,37.5680215377,59.9733333333,118.031320514
1-gram,LancasterStemmer,01 Telemachus,7165,0.188379124491,1670,126,9.03892215569,5.92682272223,4.29041916168,16.5061800567,17.4066666667,36.1200030762
1-gram,LancasterStemmer,02 Nestor,4404,0.115788089917,1286,102,9.6399688958,6.05831598169,3.42457231726,11.288668933,10.63,21.8616810882
1-gram,LancasterStemmer,03 Proteus,5677,0.149257263047,1970,347,7.58984771574,6.28480550056,2.88172588832,10.5860611862,11.99,25.2295441893
1-gram,LancasterStemmer,04 Calypso,5891,0.154883659787,1665,134,9.14834834835,5.92730526652,3.53813813814,13.288524441,13.2933333333,29.3608688942
1-gram,LancasterStemmer,05 Lotus Eaters,6375,0.167608781386,1719,138,9.14194299011,5.88138354742,3.70855148342,12.900410235,14.7266666667,28.3634498764
1-gram,LancasterStemmer,06 Hades,10889,0.286288944393,2249,210,8.23610493553,5.79736483119,4.84170742552,19.9668873046,25.41,49.9214906962
1-gram,LancasterStemmer,07 Aeolus,9877,0.25968187196,2336,303,7.72217465753,5.92405891581,4.22816780822,19.0684530516,22.5766666667,49.388096969
1-gram,LancasterStemmer,08 Laestrogynians,12566,0.330379913238,2886,334,7.33090783091,5.67516940932,4.35412335412,18.0080262956,27.3033333333,50.1967262102
1-gram,LancasterStemmer,09 Scylla and Charybdis,11731,0.308426449323,2783,578,6.6011498383,6.02561535111,4.21523535753,19.7055222804,26.4433333333,55.1413346673
1-gram,LancasterStemmer,10 Wandering Rocks,12449,0.327303799132,2762,353,7.31462708182,5.7730299142,4.50724112962,20.3916429047,26.99,56.999268124
1-gram,LancasterStemmer,11 Sirens,12137,0.319100828185,2548,405,7.34615384615,5.94172023636,4.76334379906,16.499848916,26.7366666667,41.84695117
1-gram,LancasterStemmer,12 Cyclops,21221,0.557933482319,4357,1005,5.49437686482,5.48658539412,4.87055313289,35.6313559356,46.5033333333,128.637773051
1-gram,LancasterStemmer,13 Nausicaa,16730,0.439858025503,2740,313,7.61934306569,5.70740250587,6.10583941606,29.2289559121,40.23,80.4732073426
1-gram,LancasterStemmer,14 Oxen in the Sun,20335,0.534639148153,4500,1140,5.18622222222,5.50494617549,4.51888888889,29.015457162,43.9566666667,104.578685474
1-gram,LancasterStemmer,15 Circe,38035,1.0,7080,1974,4.22175141243,4.91819879818,5.37217514124,38.2750570018,73.7733333333,171.879828045
1-gram,LancasterStemmer,16 Eumaeus,22724,0.597449717366,3908,682,6.03966223132,5.54351106538,5.81473899693,36.5163410058,51.0333333333,122.952967521
1-gram,LancasterStemmer,17 Ithaca,22438,0.58993032733,5189,1490,4.50491424167,5.25508727975,4.32414723453,34.1038249716,41.8766666667,136.272991169
1-gram,LancasterStemmer,18 Penelope,24197,0.636177205206,2771,362,7.45326596896,5.75139660892,8.73222663298,43.7939852085,62.86,119.993807062
1-gram,PorterStemmer,01 Telemachus,7165,0.188379124491,1783,157,8.30342120022,5.92440928902,4.01850813236,15.9013784245,17.1633333333,35.9577991849
1-gram,PorterStemmer,02 Nestor,4404,0.115788089917,1337,122,8.9708302169,6.12020345539,3.29394166043,11.0241958996,10.53,21.7616428608
1-gram,PorterStemmer,03 Proteus,5677,0.149257263047,2062,401,6.99272550921,6.19474178964,2.75315227934,10.2532754699,11.7366666667,25.0335905446
1-gram,PorterStemmer,04 Calypso,5891,0.154883659787,1759,160,8.54633314383,5.90208016099,3.34906196703,12.8565725898,13.0566666667,29.2183753066
1-gram,PorterStemmer,05 Lotus Eaters,6375,0.167608781386,1797,160,8.47690595437,5.88161314402,3.54757929883,12.5685915956,14.5666666667,28.2589022355
1-gram,PorterStemmer,06 Hades,10889,0.286288944393,2392,243,7.67892976589,5.71389413146,4.55225752508,19.2542775056,25.1333333333,49.6379111388
1-gram,PorterStemmer,07 Aeolus,9877,0.25968187196,2503,359,7.09468637635,5.81704547943,3.94606472233,18.2840127256,22.1266666667,49.0732509169
1-gram,PorterStemmer,08 Laestrogynians,12566,0.330379913238,3092,386,6.74191461837,5.53590093664,4.06403622251,17.2680836913,26.9033333333,49.8440968309
1-gram,PorterStemmer,09 Scylla and Charybdis,11731,0.308426449323,3053,700,5.90861447756,5.83189282653,3.84245004913,18.598021746,25.81,54.5681888405
1-gram,PorterStemmer,10 Wandering Rocks,12449,0.327303799132,2967,420,6.7276710482,5.64444655823,4.1958206943,19.6236689126,26.5966666667,56.9121017203
1-gram,PorterStemmer,11 Sirens,12137,0.319100828185,2733,467,6.75228686425,5.79625079774,4.44090742774,15.671804436,26.1766666667,41.1524659717
1-gram,PorterStemmer,12 Cyclops,21221,0.557933482319,4827,1197,4.92003314688,5.23492306273,4.39631240936,33.7844986058,45.7533333333,128.51414639
1-gram,PorterStemmer,13 Nausicaa,16730,0.439858025503,2960,367,6.98648648649,5.59395968456,5.65202702703,27.9162211142,39.7966666667,79.8360527721
1-gram,PorterStemmer,14 Oxen in the Sun,20335,0.534639148153,5041,1409,4.5885736957,5.23509402508,4.0339218409,27.2304528035,43.0833333333,104.006488847
1-gram,PorterStemmer,15 Circe,38035,1.0,7961,2326,3.82514759452,4.6436729765,4.77766612235,35.8136541071,72.24,170.816594822
1-gram,PorterStemmer,16 Eumaeus,22724,0.597449717366,4384,863,5.38298357664,5.3126254939,5.18339416058,34.321474755,49.82,122.642519544
1-gram,PorterStemmer,17 Ithaca,22438,0.58993032733,5829,1871,3.92554469034,4.93219918982,3.84937382055,32.0165716393,40.3966666667,135.89458901
1-gram,PorterStemmer,18 Penelope,24197,0.636177205206,2969,418,6.90501852476,5.61343763867,8.14988211519,42.183987704,62.22,119.700062378
2-gram,none,01 Telemachus,7164,0.18835778514,5657,3120,2.08060809616,3.67730626301,1.26639561605,1.57604604166,4.77,5.71930357066
2-gram,none,02 Nestor,4403,0.115764841983,3700,2007,2.32540540541,4.0294930233,1.19,1.16054856554,3.21,3.46975983799
2-gram,none,03 Proteus,5676,0.149234895094,5103,3203,1.78287281991,3.61977452395,1.11228689006,0.785507023488,2.86666666667,2.6799668323
2-gram,none,04 Calypso,5890,0.154861439764,5004,2821,2.09252597922,3.76827177849,1.17705835332,1.11267013617,3.46,3.82470913927
2-gram,none,05 Lotus Eaters,6374,0.167586895935,5342,2855,2.27274429053,3.8123234029,1.19318607263,1.02520025466,3.71,3.36242472035
2-gram,none,06 Hades,10888,0.286270179313,8592,4934,1.87977188082,3.42519155551,1.26722532588,1.69676445614,6.42666666667,7.24462712789
2-gram,none,07 Aeolus,9876,0.25966240732,7804,4539,1.89761660687,3.48510772679,1.2655048693,1.65269586668,6.13,6.68578841025
2-gram,none,08 Laestrogynians,12565,0.330362307409,10310,6263,1.67381183317,3.21797855103,1.21871968962,1.36627620888,6.02666666667,6.1236662947
2-gram,none,09 Scylla and Charybdis,11730,0.308408266288,9639,6196,1.54746342982,3.18854605823,1.21693121693,1.40136865004,5.74666666667,6.29516922374
2-gram,none,10 Wandering Rocks,12448,0.327286112426,9771,5887,1.67792447037,3.25149923787,1.27397400471,1.60688734829,6.37666666667,7.29164742855
2-gram,none,11 Sirens,12136,0.319082925803,9985,6651,1.43565348022,3.10105071054,1.2154231347,1.15036842141,5.27333333333,4.8797495382
2-gram,none,12 Cyclops,21220,0.557921859389,15823,10480,1.30322947608,2.8210562562,1.34108576123,3.00497975277,12.0366666667,18.6823086249
2-gram,none,13 Nausicaa,16729,0.439843298102,12422,7257,1.65786507809,3.09657684624,1.34672355498,1.92784972035,9.30666666667,8.94236856518
2-gram,none,14 Oxen in the Sun,20334,0.534626912762,16269,11375,1.15225275063,2.68565222683,1.24986170017,2.08568248681,9.46333333333,12.645499419
2-gram,none,15 Circe,38034,1.0,29988,21949,0.878851540616,2.23960604921,1.26830732293,2.19047009559,13.24,17.5102560423
2-gram,none,16 Eumaeus,22723,0.597439133407,16871,11161,1.26382549938,2.75469233097,1.34686740561,2.73860880449,12.1633333333,17.0028425728
2-gram,none,17 Ithaca,22437,0.58991954567,18175,14231,0.721705639615,2.13322942796,1.23449793673,2.82878279357,8.99,20.3920711716
2-gram,none,18 Penelope,24196,0.63616763948,15418,9018,1.53962900506,2.91230728219,1.56933454404,2.89766190309,15.5266666667,14.0907518922
2-gram,LancasterStemmer,01 Telemachus,7164,0.18835778514,5550,2740,2.4445045045,3.89946652363,1.29081081081,1.65058719289,4.95666666667,5.90661681695
2-gram,LancasterStemmer,02 Nestor,4403,0.115764841983,3658,1771,2.70366320394,4.24279439059,1.20366320394,1.17627249397,3.24666666667,3.47742561227
2-gram,LancasterStemmer,03 Proteus,5676,0.149234895094,5061,2914,2.09622604228,3.85255153282,1.12151748666,0.797925925505,2.91,2.68363559374
2-gram,LancasterStemmer,04 Calypso,5890,0.154861439764,4935,2517,2.44154002026,3.99074116611,1.19351570415,1.13131644565,3.53666666667,3.81950985803
2-gram,LancasterStemmer,05 Lotus Eaters,6374,0.167586895935,5292,2557,2.58465608466,4.00035604222,1.2044595616,1.0487705391,3.79,3.39694470566
2-gram,LancasterStemmer,06 Hades,10888,0.286270179313,8424,4370,2.18744064577,3.6295229376,1.29249762583,1.77300661345,6.63666666667,7.47292817813
2-gram,LancasterStemmer,07 Aeolus,9876,0.25966240732,7646,4026,2.21344493853,3.68863440653,1.29165576772,1.70747183359,6.30666666667,6.77096415258
2-gram,LancasterStemmer,08 Laestrogynians,12565,0.330362307409,10097,5608,1.94810339705,3.41985890052,1.24442903833,1.41073394437,6.21,6.16489253759
2-gram,LancasterStemmer,09 Scylla and Charybdis,11730,0.308408266288,9451,5466,1.86117871125,3.41624187465,1.24113850386,1.45177642305,5.88,6.42019729707
2-gram,LancasterStemmer,10 Wandering Rocks,12448,0.327286112426,9580,5222,1.98110647182,3.45954219206,1.2993736952,1.64879269559,6.56,7.31754057044
2-gram,LancasterStemmer,11 Sirens,12136,0.319082925803,9799,5979,1.69476477192,3.30350702009,1.23849372385,1.21651560286,5.46333333333,5.10574730628
2-gram,LancasterStemmer,12 Cyclops,21220,0.557921859389,15342,9261,1.56322513362,3.02395782449,1.38313127363,3.07785766727,12.3766666667,18.65283148
2-gram,LancasterStemmer,13 Nausicaa,16729,0.439843298102,12064,6334,1.94678381963,3.29291996324,1.38668766578,1.98942625236,9.62333333333,8.88640097127
2-gram,LancasterStemmer,14 Oxen in the Sun,20334,0.534626912762,15876,10080,1.40495086924,2.9011553947,1.28080120937,2.13420044808,9.69,12.6409611976
2-gram,LancasterStemmer,15 Circe,38034,1.0,29022,19552,1.08776100889,2.43911083964,1.31052305148,2.27627625983,13.7466666667,17.6140802264
2-gram,LancasterStemmer,16 Eumaeus,22723,0.597439133407,16345,9786,1.52548179872,2.96152173759,1.39021107372,2.81990514401,12.48,17.0650598202
2-gram,LancasterStemmer,17 Ithaca,22437,0.58991954567,17584,12711,0.937215650591,2.3797834602,1.27598953594,2.899531107,9.42666666667,20.3638066732
2-gram,LancasterStemmer,18 Penelope,24196,0.63616763948,14767,7771,1.82183246428,3.12176144873,1.63851831787,3.02924070247,16.1466666667,14.0579214522
2-gram,PorterStemmer,01 Telemachus,7164,0.18835778514,5577,2856,2.33960910884,3.84687126987,1.28456159225,1.64324955404,4.92,5.91328447932
2-gram,PorterStemmer,02 Nestor,4403,0.115764841983,3664,1835,2.61544759825,4.20396872904,1.20169213974,1.17096765922,3.23666666667,3.46612014923
2-gram,PorterStemmer,03 Proteus,5676,0.149234895094,5067,3004,2.00631537399,3.79309454069,1.12018946122,0.79640555956,2.9,2.68638542779
2-gram,PorterStemmer,04 Calypso,5890,0.154861439764,4946,2596,2.36251516377,3.94726177468,1.19086130206,1.12841358201,3.52333333333,3.82135956027
2-gram,PorterStemmer,05 Lotus Eaters,6374,0.167586895935,5298,2626,2.52302755757,3.96639552222,1.20309550774,1.04607602666,3.79,3.38711775211
2-gram,PorterStemmer,06 Hades,10888,0.286270179313,8442,4494,2.10921582563,3.58074860927,1.28974176735,1.76689702395,6.60333333333,7.47212523688
2-gram,PorterStemmer,07 Aeolus,9876,0.25966240732,7682,4170,2.12366571205,3.63948302726,1.28560270763,1.69856010737,6.28666666667,6.76198853067
2-gram,PorterStemmer,08 Laestrogynians,12565,0.330362307409,10123,5757,1.87256742073,3.37052339165,1.24123283612,1.40934734686,6.21666666667,6.17060684932
2-gram,PorterStemmer,09 Scylla and Charybdis,11730,0.308408266288,9514,5717,1.76066848854,3.35979333936,1.2329199075,1.43772154831,5.85,6.39016170896
2-gram,PorterStemmer,10 Wandering Rocks,12448,0.327286112426,9601,5392,1.89615665035,3.41140596763,1.29653161129,1.64025163457,6.53666666667,7.28665370539
2-gram,PorterStemmer,11 Sirens,12136,0.319082925803,9857,6184,1.61337120828,3.24682999387,1.23120624937,1.19703740333,5.4,5.04645089807
2-gram,PorterStemmer,12 Cyclops,21220,0.557921859389,15475,9664,1.48168012924,2.97484940841,1.37124394184,3.06051199486,12.3433333333,18.6527599983
2-gram,PorterStemmer,13 Nausicaa,16729,0.439843298102,12134,6583,1.86476017801,3.24646949079,1.37868798418,1.97580821203,9.56666666667,8.87912658367
2-gram,PorterStemmer,14 Oxen in the Sun,20334,0.534626912762,16025,10553,1.31388455538,2.83326749938,1.26889235569,2.11341961164,9.58333333333,12.6363123137
2-gram,PorterStemmer,15 Circe,38034,1.0,29260,20143,1.03236500342,2.3889866805,1.2998632946,2.24376556673,13.6066666667,17.4565734196
2-gram,PorterStemmer,16 Eumaeus,22723,0.597439133407,16513,10245,1.44159147338,2.90727442697,1.37606734088,2.79403190615,12.4166666667,17.0251692764
2-gram,PorterStemmer,17 Ithaca,22437,0.58991954567,17799,13329,0.842182145064,2.27996757194,1.26057643688,2.87047823337,9.28666666667,20.3438235235
2-gram,PorterStemmer,18 Penelope,24196,0.63616763948,14870,8068,1.74841963685,3.07843921822,1.62716879623,3.01430152869,16.12,14.0584114797
3-gram,none,01 Telemachus,7163,0.188336444666,6866,5988,0.259539761142,0.939744508669,1.04325662686,0.34813656117,1.99,1.35519986226
3-gram,none,02 Nestor,4402,0.115741592827,4274,3713,0.285914833879,1.0222846949,1.02994852597,0.363317588053,1.42666666667,1.30816240922
3-gram,none,03 Proteus,5675,0.149212525964,5619,5093,0.196476241324,0.868369058101,1.00996618615,0.114325317694,1.18666666667,0.460241482509
3-gram,none,04 Calypso,5889,0.154839218573,5777,5076,0.269863250822,1.00701049588,1.0193872252,0.149911191053,1.37333333333,0.548290271865
3-gram,none,05 Lotus Eaters,6373,0.167565009334,6203,5297,0.322424633242,1.08134047947,1.02740609383,0.241355782828,1.56666666667,0.948097510222
3-gram,none,06 Hades,10887,0.286251413246,10536,9268,0.261579347001,0.978561352003,1.0333143508,0.442531316094,2.17,2.35536975158
3-gram,none,07 Aeolus,9875,0.259642941656,9441,8234,0.278360343184,0.992422782033,1.0459697066,0.564835556928,2.44666666667,2.83086951699
3-gram,none,08 Laestrogynians,12564,0.330344700655,12270,10835,0.246617766911,0.928921987285,1.0239608802,0.265199022806,1.98,1.39269522868
3-gram,none,09 Scylla and Charybdis,11729,0.308390082297,11457,10424,0.184516016409,0.802366945658,1.0237409444,0.237738035622,1.90666666667,1.16531350098
3-gram,none,10 Wandering Rocks,12447,0.327268424789,11905,10542,0.237631247375,0.91470515861,1.04552708946,0.310169822137,2.47,1.18424378121
3-gram,none,11 Sirens,12135,0.31906502248,11699,10695,0.18138302419,0.796237907232,1.03726814258,0.307991279217,2.41,1.31221187314
3-gram,none,12 Cyclops,21219,0.557910235848,20175,18154,0.199504337051,0.81752778241,1.0517472119,0.51658855759,3.28333333333,3.42292110468
3-gram,none,13 Nausicaa,16728,0.439828569926,16099,14176,0.240573948692,0.900795663801,1.03907074974,0.266387783101,2.52333333333,0.998059227813
3-gram,none,14 Oxen in the Sun,20333,0.534614676728,19944,18461,0.150722021661,0.724511039,1.01950461292,0.185383015656,2.29666666667,0.792878020603
3-gram,none,15 Circe,38033,1.0,36891,34173,0.138949879374,0.660575222662,1.03095605974,0.242903574113,3.0,1.25166555703
3-gram,none,16 Eumaeus,22722,0.597428548892,21703,19620,0.197253835875,0.814798740739,1.04695203428,0.302286352626,2.98,1.19705193427
3-gram,none,17 Ithaca,22436,0.589908763442,21582,20415,0.102307478454,0.578717192982,1.03957001205,0.258145694876,2.61666666667,1.03104585521
3-gram,none,18 Penelope,24195,0.636158073252,22512,19918,0.222681236674,0.832089484654,1.07476012793,0.438323734867,3.93,1.88991181452
3-gram,LancasterStemmer,01 Telemachus,7163,0.188336444666,6850,5877,0.296642335766,1.01256505774,1.04569343066,0.351990783764,2.04333333333,1.33720687338
3-gram,LancasterStemmer,02 Nestor,4402,0.115741592827,4271,3655,0.321704518848,1.09060159786,1.03067197378,0.364350893697,1.43666666667,1.3086846662
3-gram,LancasterStemmer,03 Proteus,5675,0.149212525964,5615,5041,0.224755120214,0.948200624109,1.0106856634,0.117376228512,1.2,0.469041575982
3-gram,LancasterStemmer,04 Calypso,5889,0.154839218573,5768,4996,0.311546463245,1.10093509346,1.0209778086,0.156050912088,1.40333333333,0.560347114643
3-gram,LancasterStemmer,05 Lotus Eaters,6373,0.167565009334,6202,5203,0.363269912931,1.1526893869,1.02757175105,0.241690418502,1.57,0.947857232569
3-gram,LancasterStemmer,06 Hades,10887,0.286251413246,10513,9100,0.298963188433,1.05193578037,1.03557500238,0.447648872331,2.24666666667,2.34786901016
3-gram,LancasterStemmer,07 Aeolus,9875,0.259642941656,9422,8084,0.316917851836,1.05925499859,1.04807896413,0.579968838531,2.51,2.89077267641
3-gram,LancasterStemmer,08 Laestrogynians,12564,0.330344700655,12248,10655,0.279065969954,0.994110371467,1.02580013063,0.269541176834,2.05333333333,1.37252403339
3-gram,LancasterStemmer,09 Scylla and Charybdis,11729,0.308390082297,11438,10290,0.212799440462,0.869930856976,1.02544151075,0.241953298962,1.97,1.14706872796
3-gram,LancasterStemmer,10 Wandering Rocks,12447,0.327268424789,11874,10347,0.27362304194,0.989246490293,1.0482566953,0.319664442347,2.5,1.21518174224
3-gram,LancasterStemmer,11 Sirens,12135,0.31906502248,11678,10572,0.202774447679,0.850124665102,1.03913341326,0.315864161793,2.42666666667,1.34584133125
3-gram,LancasterStemmer,12 Cyclops,21219,0.557910235848,20095,17836,0.226524010948,0.868596254141,1.05593431202,0.525778837139,3.36666666667,3.42717895003
3-gram,LancasterStemmer,13 Nausicaa,16728,0.439828569926,16059,13937,0.271810199888,0.960796667924,1.04165888287,0.273030676857,2.54333333333,1.00736730585
3-gram,LancasterStemmer,14 Oxen in the Sun,20333,0.534614676728,19911,18214,0.173522173673,0.774884526448,1.0211943147,0.192138181968,2.32666666667,0.79997222174
3-gram,LancasterStemmer,15 Circe,38033,1.0,36784,33710,0.160069595476,0.711428605458,1.03395498043,0.25418368802,3.10333333333,1.25671087455
3-gram,LancasterStemmer,16 Eumaeus,22722,0.597428548892,21630,19293,0.224919093851,0.873209643382,1.05048543689,0.313280548291,3.05666666667,1.20282537755
3-gram,LancasterStemmer,17 Ithaca,22436,0.589908763442,21483,20132,0.119955313504,0.622390756321,1.04436065726,0.274328240443,2.7,1.07857931249
3-gram,LancasterStemmer,18 Penelope,24195,0.636158073252,22379,19514,0.251217659413,0.88625790429,1.08114750436,0.455472316066,4.01666666667,1.91565190529
3-gram,PorterStemmer,01 Telemachus,7163,0.188336444666,6858,5903,0.289297171187,0.998835309818,1.04447360747,0.349860520832,2.01666666667,1.34525916545
3-gram,PorterStemmer,02 Nestor,4402,0.115741592827,4271,3662,0.316319363147,1.08389074102,1.03067197378,0.364350893697,1.43666666667,1.3086846662
3-gram,PorterStemmer,03 Proteus,5675,0.149212525964,5614,5054,0.218916993231,0.936337548192,1.01086569291,0.118126625565,1.20333333333,0.471156968418
3-gram,PorterStemmer,04 Calypso,5889,0.154839218573,5767,5013,0.304837870643,1.08476332249,1.02115484654,0.157698852767,1.40666666667,0.566823507707
3-gram,PorterStemmer,05 Lotus Eaters,6373,0.167565009334,6202,5218,0.359561431796,1.14902044615,1.02757175105,0.241690418502,1.57,0.947857232569
3-gram,PorterStemmer,06 Hades,10887,0.286251413246,10516,9125,0.294218333967,1.04381423745,1.03527957398,0.446650958302,2.23666666667,2.3467684637
3-gram,PorterStemmer,07 Aeolus,9875,0.259642941656,9424,8106,0.310696095076,1.04758807354,1.0478565365,0.579376082483,2.50333333333,2.89078805096
3-gram,PorterStemmer,08 Laestrogynians,12564,0.330344700655,12244,10670,0.276053577262,0.98829059672,1.02613524992,0.270460772999,2.06666666667,1.36950923894
3-gram,PorterStemmer,09 Scylla and Charybdis,11729,0.308390082297,11444,10322,0.207095421181,0.855578965548,1.02490387976,0.240859174119,1.95,1.15506132593
3-gram,PorterStemmer,10 Wandering Rocks,12447,0.327268424789,11872,10378,0.267857142857,0.981217402746,1.04843328841,0.319928666025,2.5,1.21518174224
3-gram,PorterStemmer,11 Sirens,12135,0.31906502248,11681,10601,0.19767143224,0.839921677414,1.0388665354,0.315720381095,2.43,1.34601882107
3-gram,PorterStemmer,12 Cyclops,21219,0.557910235848,20101,17889,0.222128252326,0.861401592473,1.05561912343,0.524975347485,3.35666666667,3.4277478839
3-gram,PorterStemmer,13 Nausicaa,16728,0.439828569926,16065,13984,0.265483971366,0.949346126543,1.04126984127,0.272352787367,2.54333333333,1.00736730585
3-gram,PorterStemmer,14 Oxen in the Sun,20333,0.534614676728,19921,18297,0.166005722604,0.76018655208,1.02068169269,0.190307683338,2.32,0.798498591107
3-gram,PorterStemmer,15 Circe,38033,1.0,36797,33770,0.15680626138,0.703305699748,1.03358969481,0.252846562177,3.09666666667,1.24926200437
3-gram,PorterStemmer,16 Eumaeus,22722,0.597428548892,21650,19371,0.218937644342,0.862357142591,1.04951501155,0.30972832524,3.03333333333,1.19396631257
3-gram,PorterStemmer,17 Ithaca,22436,0.589908763442,21510,20228,0.113528591353,0.60797287538,1.0430497443,0.270692753926,2.68,1.07591821251
3-gram,PorterStemmer,18 Penelope,24195,0.636158073252,22390,19558,0.247253238053,0.878536840229,1.08061634658,0.461345852137,4.04333333333,2.00701824163
4-gram,none,01 Telemachus,7162,0.188315103071,7083,6870,0.0357193279684,0.229161288689,1.01115346605,0.118891104628,1.26333333333,0.51703212881
4-gram,none,02 Nestor,4401,0.115718342448,4360,4236,0.0364678899083,0.246629390601,1.00940366972,0.105594048629,1.13666666667,0.380336108666
4-gram,none,03 Proteus,5674,0.149190155658,5655,5539,0.0259946949602,0.210753680941,1.00335985853,0.0636860151155,1.06333333333,0.269546944994
4-gram,none,04 Calypso,5888,0.154816996214,5854,5726,0.0300649128801,0.247539506337,1.00580799453,0.0803589149236,1.11333333333,0.337375491437
4-gram,none,05 Lotus Eaters,6372,0.167543121582,6309,6073,0.0518307180219,0.314506699913,1.00998573466,0.119683432702,1.21,0.509149617827
4-gram,none,06 Hades,10886,0.286232646193,10835,10581,0.0322104291647,0.252675313494,1.00470696816,0.0723779909182,1.17,0.401372644808
4-gram,none,07 Aeolus,9874,0.259623474968,9768,9492,0.0363431613432,0.251957564735,1.01085176085,0.171962260322,1.35333333333,0.917508704167
4-gram,none,08 Laestrogynians,12563,0.330327092974,12508,12203,0.0336584585865,0.25239970587,1.0043971858,0.0708338988062,1.18333333333,0.419986772278
4-gram,none,09 Scylla and Charybdis,11728,0.30837189735,11680,11479,0.0215753424658,0.185650239555,1.00410958904,0.0678704571161,1.16,0.392937654088
4-gram,none,10 Wandering Rocks,12446,0.327250736222,12253,11978,0.0307679751897,0.248951194834,1.01575124459,0.144532276194,1.64333333333,0.670414465503
4-gram,none,11 Sirens,12134,0.319047118216,11995,11779,0.025593997499,0.230472020994,1.01158816173,0.152070398322,1.46333333333,0.845767238797
4-gram,none,12 Cyclops,21218,0.557898611695,20978,20579,0.0248355419964,0.206904911995,1.01144055677,0.154885831691,1.8,1.02306728355
4-gram,none,13 Nausicaa,16727,0.439813840976,16640,16285,0.0284855769231,0.226344518684,1.00522836538,0.0807659889101,1.29,0.528425333735
4-gram,none,14 Oxen in the Sun,20332,0.53460244005,20266,20032,0.0158886805487,0.180583700684,1.00325668608,0.0635262129015,1.22,0.474271370982
4-gram,none,15 Circe,38032,1.0,37793,37175,0.0206387426243,0.183018217675,1.00632392242,0.100732714076,1.79666666667,0.805391554187
4-gram,none,16 Eumaeus,22721,0.59741796382,22532,22132,0.0243209657376,0.213459757186,1.0083880703,0.112548124648,1.63,0.74817555872
4-gram,none,17 Ithaca,22435,0.589897980648,22147,21876,0.0166162459927,0.175725244645,1.0130040186,0.128598006118,1.96,0.558330845766
4-gram,none,18 Penelope,24194,0.636148506521,23947,23536,0.0236355284587,0.213604044256,1.0103144444,0.117114486328,1.82333333333,0.652269542103
4-gram,LancasterStemmer,01 Telemachus,7162,0.188315103071,7082,6855,0.0386896356961,0.242189205754,1.011296244,0.119478474924,1.26666666667,0.51854497287
4-gram,LancasterStemmer,02 Nestor,4401,0.115718342448,4360,4232,0.0396788990826,0.274336376285,1.00940366972,0.105594048629,1.13666666667,0.380336108666
4-gram,LancasterStemmer,03 Proteus,5674,0.149190155658,5653,5532,0.0281266584115,0.229030467675,1.00371484168,0.0663975189232,1.07,0.280059517484
4-gram,LancasterStemmer,04 Calypso,5888,0.154816996214,5853,5711,0.0338288057406,0.268291828275,1.0059798394,0.0814094044712,1.11666666667,0.341158158174
4-gram,LancasterStemmer,05 Lotus Eaters,6372,0.167543121582,6309,6063,0.0543667776193,0.32155909699,1.00998573466,0.119683432702,1.21,0.509149617827
4-gram,LancasterStemmer,06 Hades,10886,0.286232646193,10832,10561,0.0351735598227,0.268619562092,1.00498522895,0.0742582707278,1.18,0.409389789809
4-gram,LancasterStemmer,07 Aeolus,9874,0.259623474968,9763,9471,0.039741882618,0.266728571502,1.01136945611,0.174045145369,1.37,0.923634126697
4-gram,LancasterStemmer,08 Laestrogynians,12563,0.330327092974,12507,12179,0.0368593587591,0.270923463576,1.0044774926,0.071393882544,1.18666666667,0.422479453807
4-gram,LancasterStemmer,09 Scylla and Charybdis,11728,0.30837189735,11677,11468,0.0231223773229,0.196692040209,1.00436756016,0.0697303032147,1.17,0.401372644808
4-gram,LancasterStemmer,10 Wandering Rocks,12446,0.327250736222,12249,11952,0.034125234713,0.267994436876,1.01608294555,0.14620450745,1.65666666667,0.672400343711
4-gram,LancasterStemmer,11 Sirens,12134,0.319047118216,11991,11754,0.0281044116421,0.242909423821,1.01192561087,0.159039376506,1.47666666667,0.888513115016
4-gram,LancasterStemmer,12 Cyclops,21218,0.557898611695,20963,20537,0.0271430615847,0.21901624404,1.01216428946,0.1592896305,1.85,1.02996763703
4-gram,LancasterStemmer,13 Nausicaa,16727,0.439813840976,16636,16263,0.0305361865833,0.241778447297,1.00547006492,0.082234886675,1.30333333333,0.533531213291
4-gram,LancasterStemmer,14 Oxen in the Sun,20332,0.53460244005,20264,20014,0.0173707066719,0.193136973691,1.0033557047,0.0642963569727,1.22666666667,0.478144562054
4-gram,LancasterStemmer,15 Circe,38032,1.0,37777,37123,0.0220239828467,0.191797548906,1.00675013897,0.103832216169,1.85,0.800520663902
4-gram,LancasterStemmer,16 Eumaeus,22721,0.59741796382,22526,22099,0.0262363491077,0.225504093402,1.00865666341,0.114498150426,1.65,0.753325958666
4-gram,LancasterStemmer,17 Ithaca,22435,0.589897980648,22127,21839,0.017670719031,0.180648609311,1.01391964568,0.133729971915,2.02666666667,0.528477898203
4-gram,LancasterStemmer,18 Penelope,24194,0.636148506521,23932,23491,0.025447100117,0.222942682275,1.01094768511,0.119740461592,1.87333333333,0.624997777774
4-gram,PorterStemmer,01 Telemachus,7162,0.188315103071,7082,6856,0.0384072295962,0.241065492779,1.011296244,0.119478474924,1.26666666667,0.51854497287
4-gram,PorterStemmer,02 Nestor,4401,0.115718342448,4360,4231,0.0399082568807,0.274720860541,1.00940366972,0.105594048629,1.13666666667,0.380336108666
4-gram,PorterStemmer,03 Proteus,5674,0.149190155658,5653,5532,0.0279497611887,0.227890726486,1.00371484168,0.0663975189232,1.07,0.280059517484
4-gram,PorterStemmer,04 Calypso,5888,0.154816996214,5853,5714,0.0333162480779,0.26739925798,1.0059798394,0.0814094044712,1.11666666667,0.341158158174
4-gram,PorterStemmer,05 Lotus Eaters,6372,0.167543121582,6309,6063,0.0545252813441,0.322762314536,1.00998573466,0.119683432702,1.21,0.509149617827
4-gram,PorterStemmer,06 Hades,10886,0.286232646193,10832,10563,0.0350812407681,0.268803411529,1.00498522895,0.0742582707278,1.18,0.409389789809
4-gram,PorterStemmer,07 Aeolus,9874,0.259623474968,9764,9471,0.0398402294142,0.266891875338,1.01126587464,0.17315799281,1.36666666667,0.919540948276
4-gram,PorterStemmer,08 Laestrogynians,12563,0.330327092974,12507,12180,0.0368593587591,0.271513064172,1.0044774926,0.071393882544,1.18666666667,0.422479453807
4-gram,PorterStemmer,09 Scylla and Charybdis,11728,0.30837189735,11677,11468,0.0231223773229,0.196692040209,1.00436756016,0.0697303032147,1.17,0.401372644808
4-gram,PorterStemmer,10 Wandering Rocks,12446,0.327250736222,12250,11956,0.0339591836735,0.26830883509,1.016,0.145928134396,1.65333333333,0.673168296606
4-gram,PorterStemmer,11 Sirens,12134,0.319047118216,11989,11754,0.0279422804237,0.242948657232,1.01209441988,0.15956356491,1.48333333333,0.888663165785
4-gram,PorterStemmer,12 Cyclops,21218,0.557898611695,20963,20534,0.0272384677766,0.219004399085,1.01216428946,0.1592896305,1.85,1.02996763703
4-gram,PorterStemmer,13 Nausicaa,16727,0.439813840976,16636,16265,0.0304159653763,0.241544869769,1.00547006492,0.082234886675,1.30333333333,0.533531213291
4-gram,PorterStemmer,14 Oxen in the Sun,20332,0.53460244005,20265,20017,0.0171724648409,0.192125254994,1.00330619294,0.0639124451503,1.22333333333,0.476223570279
4-gram,PorterStemmer,15 Circe,38032,1.0,37778,37123,0.0219969294298,0.191452740724,1.00672348986,0.103705019912,1.84666666667,0.801969797159
4-gram,PorterStemmer,16 Eumaeus,22721,0.59741796382,22527,22100,0.0262351844453,0.225499155901,1.00861188796,0.113525585204,1.64666666667,0.745087616026
4-gram,PorterStemmer,17 Ithaca,22435,0.589897980648,22131,21846,0.0174867832452,0.179898079741,1.01373638787,0.132719227312,2.01333333333,0.535246568311
4-gram,PorterStemmer,18 Penelope,24194,0.636148506521,23932,23492,0.0254053150593,0.222853717477,1.01094768511,0.12008891813,1.87333333333,0.630308566409
5-gram,none,01 Telemachus,7161,0.188293760353,7124,7047,0.0115103874228,0.114290617918,1.0051937114,0.0756849989979,1.12333333333,0.348504742515
5-gram,none,02 Nestor,4400,0.115695090847,4383,4326,0.0139174081679,0.124695420028,1.00387862195,0.0621576885045,1.05666666667,0.231204575118
5-gram,none,03 Proteus,5673,0.149167784176,5666,5620,0.00847158489234,0.0954242241229,1.00123543946,0.0351270999771,1.02333333333,0.150959891656
5-gram,none,04 Calypso,5887,0.154794772685,5869,5821,0.00920088601125,0.107245720659,1.003066962,0.0552951692991,1.06,0.237486841741
5-gram,none,05 Lotus Eaters,6371,0.167521232679,6351,6246,0.0198393953708,0.164327899838,1.00314911038,0.0560285059604,1.06666666667,0.249443825785
5-gram,none,06 Hades,10885,0.286213878152,10878,10826,0.00542379113808,0.0828566970225,1.00064350064,0.0253591512165,1.02333333333,0.150959891656
5-gram,none,07 Aeolus,9873,0.259604007257,9842,9742,0.0110749847592,0.114837482977,1.00314976631,0.0560343223379,1.10333333333,0.304393750848
5-gram,none,08 Laestrogynians,12562,0.330309484368,12538,12429,0.011006540118,0.127706337801,1.00191418089,0.043709458949,1.08,0.271293199325
5-gram,none,09 Scylla and Charybdis,11727,0.308353711446,11711,11636,0.00725813337887,0.0970854664439,1.00136623687,0.0369373830709,1.05333333333,0.224697327285
5-gram,none,10 Wandering Rocks,12445,0.327233046725,12347,12283,0.0062363327124,0.0937505389444,1.00793715072,0.0998995848107,1.32666666667,0.553734794123
5-gram,none,11 Sirens,12133,0.31902921301,12082,12014,0.00711802681675,0.102682063505,1.00422115544,0.0776158995673,1.17,0.46306946923
5-gram,none,12 Cyclops,21217,0.557886986932,21145,21054,0.00472925041381,0.0770486191435,1.0034050603,0.0895998396641,1.24,0.713489079571
5-gram,none,13 Nausicaa,16726,0.439799111251,16702,16608,0.0064662914621,0.0919791437556,1.00143695366,0.0394288594891,1.08,0.283313724812
5-gram,none,14 Oxen in the Sun,20331,0.534590202729,20306,20236,0.0039889687777,0.0738271816433,1.0012311632,0.0426685572477,1.08333333333,0.341158158174
5-gram,none,15 Circe,38031,1.0,37933,37701,0.00677510347191,0.0914530601162,1.00258350249,0.0640768264242,1.32666666667,0.642875484747
5-gram,none,16 Eumaeus,22720,0.597407378191,22669,22586,0.00414663196436,0.0732434596112,1.00224976841,0.0500937679191,1.17,0.401372644808
5-gram,none,17 Ithaca,22434,0.589887197286,22294,22195,0.00506862833049,0.0799286611699,1.00627971652,0.08862880978,1.46666666667,0.60736223861
5-gram,none,18 Penelope,24193,0.636138939286,24154,24097,0.00273246667219,0.0616557098968,1.0016146394,0.0401501225007,1.13,0.336303434416
5-gram,LancasterStemmer,01 Telemachus,7161,0.188293760353,7124,7046,0.0116507580011,0.114888923657,1.0051937114,0.0756849989979,1.12333333333,0.348504742515
5-gram,LancasterStemmer,02 Nestor,4400,0.115695090847,4383,4326,0.0139174081679,0.124695420028,1.00387862195,0.0621576885045,1.05666666667,0.231204575118
5-gram,LancasterStemmer,03 Proteus,5673,0.149167784176,5666,5619,0.00882456759619,0.0990234452767,1.00123543946,0.0351270999771,1.02333333333,0.150959891656
5-gram,LancasterStemmer,04 Calypso,5887,0.154794772685,5868,5815,0.0100545330607,0.111082225535,1.00323790048,0.0568103553735,1.06333333333,0.243561536828
5-gram,LancasterStemmer,05 Lotus Eaters,6371,0.167521232679,6351,6244,0.0201543064084,0.165245197343,1.00314911038,0.0560285059604,1.06666666667,0.249443825785
5-gram,LancasterStemmer,06 Hades,10885,0.286213878152,10878,10825,0.00551571980143,0.0834035685701,1.00064350064,0.0253591512165,1.02333333333,0.150959891656
5-gram,LancasterStemmer,07 Aeolus,9873,0.259604007257,9842,9741,0.011176590124,0.11526921524,1.00314976631,0.0560343223379,1.10333333333,0.304393750848
5-gram,LancasterStemmer,08 Laestrogynians,12562,0.330309484368,12538,12426,0.0112458127293,0.128619038044,1.00191418089,0.043709458949,1.08,0.271293199325
5-gram,LancasterStemmer,09 Scylla and Charybdis,11727,0.308353711446,11710,11635,0.00725875320239,0.0970895885937,1.00145175064,0.0380741783963,1.05666666667,0.231204575118
5-gram,LancasterStemmer,10 Wandering Rocks,12445,0.327233046725,12346,12279,0.00647983152438,0.0950251330836,1.00801879151,0.100301723512,1.33,0.55476721845
5-gram,LancasterStemmer,11 Sirens,12133,0.31902921301,12079,12005,0.00769931285702,0.106220144471,1.00447056876,0.0822718387957,1.18,0.490849603579
5-gram,LancasterStemmer,12 Cyclops,21217,0.557886986932,21144,21047,0.00501324252743,0.0788528578318,1.00345251608,0.0898636790576,1.24333333333,0.714694962126
5-gram,LancasterStemmer,13 Nausicaa,16726,0.439799111251,16701,16603,0.00670618525837,0.0932578070555,1.00149691635,0.04017995647,1.08333333333,0.288193607763
5-gram,LancasterStemmer,14 Oxen in the Sun,20331,0.534590202729,20306,20233,0.00418595489018,0.0757913027442,1.0012311632,0.0426685572477,1.08333333333,0.341158158174
5-gram,LancasterStemmer,15 Circe,38031,1.0,37930,37691,0.00701291853414,0.0932940778593,1.00266279989,0.0655003772931,1.33666666667,0.655735380233
5-gram,LancasterStemmer,16 Eumaeus,22720,0.597407378191,22668,22581,0.00432327510146,0.0744298720369,1.00229398271,0.0505312839989,1.17333333333,0.404090198952
5-gram,LancasterStemmer,17 Ithaca,22434,0.589887197286,22288,22188,0.00511486001436,0.0802166691819,1.00655061019,0.0906236891659,1.48666666667,0.613586904105
5-gram,LancasterStemmer,18 Penelope,24193,0.636138939286,24150,24091,0.00285714285714,0.0633119252724,1.0017805383,0.0421588423184,1.14333333333,0.350412455385
5-gram,PorterStemmer,01 Telemachus,7161,0.188293760353,7124,7046,0.0116507580011,0.114888923657,1.0051937114,0.0756849989979,1.12333333333,0.348504742515
5-gram,PorterStemmer,02 Nestor,4400,0.115695090847,4383,4326,0.0139174081679,0.124695420028,1.00387862195,0.0621576885045,1.05666666667,0.231204575118
5-gram,PorterStemmer,03 Proteus,5673,0.149167784176,5666,5619,0.00864807624426,0.0963288764039,1.00123543946,0.0351270999771,1.02333333333,0.150959891656
5-gram,PorterStemmer,04 Calypso,5887,0.154794772685,5868,5815,0.0100545330607,0.111082225535,1.00323790048,0.0568103553735,1.06333333333,0.243561536828
5-gram,PorterStemmer,05 Lotus Eaters,6371,0.167521232679,6351,6245,0.0201543064084,0.16714005301,1.00314911038,0.0560285059604,1.06666666667,0.249443825785
5-gram,PorterStemmer,06 Hades,10885,0.286213878152,10878,10825,0.00551571980143,0.0834035685701,1.00064350064,0.0253591512165,1.02333333333,0.150959891656
5-gram,PorterStemmer,07 Aeolus,9873,0.259604007257,9842,9741,0.011176590124,0.11526921524,1.00314976631,0.0560343223379,1.10333333333,0.304393750848
5-gram,PorterStemmer,08 Laestrogynians,12562,0.330309484368,12538,12424,0.0115648428777,0.131655440569,1.00191418089,0.043709458949,1.08,0.271293199325
5-gram,PorterStemmer,09 Scylla and Charybdis,11727,0.308353711446,11710,11635,0.00725875320239,0.0970895885937,1.00145175064,0.0380741783963,1.05666666667,0.231204575118
5-gram,PorterStemmer,10 Wandering Rocks,12445,0.327233046725,12347,12280,0.00656029804811,0.0971233677289,1.00793715072,0.0998995848107,1.32666666667,0.553734794123
5-gram,PorterStemmer,11 Sirens,12133,0.31902921301,12079,12005,0.00778210116732,0.108145175402,1.00447056876,0.0822718387957,1.18,0.490849603579
5-gram,PorterStemmer,12 Cyclops,21217,0.557886986932,21143,21046,0.00501347963865,0.078854715023,1.00349997635,0.090126745941,1.24666666667,0.715883292785
5-gram,PorterStemmer,13 Nausicaa,16726,0.439799111251,16701,16603,0.00670618525837,0.0932578070555,1.00149691635,0.04017995647,1.08333333333,0.288193607763
5-gram,PorterStemmer,14 Oxen in the Sun,20331,0.534590202729,20306,20234,0.00408746183394,0.0744859069441,1.0012311632,0.0426685572477,1.08333333333,0.341158158174
5-gram,PorterStemmer,15 Circe,38031,1.0,37931,37692,0.00698636998761,0.0928699891416,1.00263636603,0.0652990240945,1.33333333333,0.654896090146
5-gram,PorterStemmer,16 Eumaeus,22720,0.597407378191,22668,22582,0.00427916004941,0.0741354860795,1.00229398271,0.0505312839989,1.17333333333,0.404090198952
5-gram,PorterStemmer,17 Ithaca,22434,0.589887197286,22289,22189,0.00511463053524,0.0802148770101,1.00650545112,0.0903770273366,1.48333333333,0.613505410644
5-gram,PorterStemmer,18 Penelope,24193,0.636138939286,24150,24092,0.00281573498965,0.0629859263326,1.0017805383,0.0421588423184,1.14333333333,0.350412455385
6-gram,none,01 Telemachus,7160,0.188272416513,7142,7103,0.00560067208065,0.076480965978,1.00252030244,0.0501393110435,1.06,0.237486841741
6-gram,none,02 Nestor,4399,0.115671838023,4391,4355,0.00842632657709,0.0938658655198,1.00182190845,0.0426449187911,1.02666666667,0.161107279648
6-gram,none,03 Proteus,5672,0.149145411517,5670,5646,0.0042328042328,0.064922165715,1.00035273369,0.0187778929865,1.00666666667,0.0813770374382
6-gram,none,04 Calypso,5886,0.154772547988,5875,5853,0.00408510638298,0.0689149428836,1.00187234043,0.0432300215922,1.03666666667,0.187942071453
6-gram,none,05 Lotus Eaters,6370,0.167499342624,6365,6296,0.0122545168892,0.123476829903,1.00078554595,0.0280165820898,1.01666666667,0.128019095798
6-gram,none,06 Hades,10884,0.286195109124,10884,10867,0.00183755972069,0.048841079136,1.0,0.0,1.0,0.0
6-gram,none,07 Aeolus,9872,0.259584538522,9856,9796,0.00629058441558,0.0815895650138,1.00162337662,0.0402584310638,1.05333333333,0.224697327285
6-gram,none,08 Laestrogynians,12561,0.330291874836,12549,12490,0.00565782134035,0.0886400805751,1.00095625149,0.030908527581,1.04,0.195959179423
6-gram,none,09 Scylla and Charybdis,11726,0.308335524586,11719,11677,0.00383991808175,0.0671403396945,1.00059732059,0.0244328426223,1.02333333333,0.150959891656
6-gram,none,10 Wandering Rocks,12444,0.327215356298,12387,12362,0.00217970452894,0.051568713396,1.00460159845,0.0744928272393,1.19,0.440340777126
6-gram,none,11 Sirens,12132,0.319011306863,12110,12087,0.00231213872832,0.057425685374,1.00181668043,0.0444807021968,1.07333333333,0.273170683314
6-gram,none,12 Cyclops,21216,0.557875361557,21193,21157,0.0016986740905,0.0411799538226,1.001085264,0.0343286613068,1.07666666667,0.278308382115
6-gram,none,13 Nausicaa,16725,0.439784380752,16715,16670,0.00287167215076,0.0578103595815,1.00059826503,0.0244521391776,1.03333333333,0.179505493571
6-gram,none,14 Oxen in the Sun,20330,0.534577964765,20313,20274,0.00201841185448,0.047023994915,1.00083690248,0.0364485616281,1.05666666667,0.294599539865
6-gram,none,15 Circe,38030,1.0,37987,37868,0.00323794982494,0.059082260105,1.0011319662,0.0358975434178,1.14333333333,0.377874170709
6-gram,none,16 Eumaeus,22719,0.597396792006,22705,22681,0.00118916538207,0.0381052521519,1.00061660427,0.0265388469221,1.04666666667,0.226175939382
6-gram,none,17 Ithaca,22433,0.589876413358,22348,22289,0.00290853767675,0.0586262644827,1.00380347235,0.0690900432868,1.28333333333,0.525727009853
6-gram,none,18 Penelope,24192,0.636129371549,24184,24170,0.000578895137281,0.0240532745733,1.00033079722,0.0181848231914,1.02666666667,0.161107279648
6-gram,LancasterStemmer,01 Telemachus,7160,0.188272416513,7142,7102,0.00574068888267,0.077380662816,1.00252030244,0.0501393110435,1.06,0.237486841741
6-gram,LancasterStemmer,02 Nestor,4399,0.115671838023,4391,4355,0.00842632657709,0.0938658655198,1.00182190845,0.0426449187911,1.02666666667,0.161107279648
6-gram,LancasterStemmer,03 Proteus,5672,0.149145411517,5670,5646,0.0042328042328,0.064922165715,1.00035273369,0.0187778929865,1.00666666667,0.0813770374382
6-gram,LancasterStemmer,04 Calypso,5886,0.154772547988,5874,5849,0.00459652706844,0.0725007998607,1.00204290092,0.045152269878,1.04,0.195959179423
6-gram,LancasterStemmer,05 Lotus Eaters,6370,0.167499342624,6365,6295,0.0124116260801,0.124095775254,1.00078554595,0.0280165820898,1.01666666667,0.128019095798
6-gram,LancasterStemmer,06 Hades,10884,0.286195109124,10884,10867,0.00183755972069,0.048841079136,1.0,0.0,1.0,0.0
6-gram,LancasterStemmer,07 Aeolus,9872,0.259584538522,9856,9796,0.00629058441558,0.0815895650138,1.00162337662,0.0402584310638,1.05333333333,0.224697327285
6-gram,LancasterStemmer,08 Laestrogynians,12561,0.330291874836,12549,12487,0.00589688421388,0.0899631283181,1.00095625149,0.030908527581,1.04,0.195959179423
6-gram,LancasterStemmer,09 Scylla and Charybdis,11726,0.308335524586,11719,11677,0.00383991808175,0.0671403396945,1.00059732059,0.0244328426223,1.02333333333,0.150959891656
6-gram,LancasterStemmer,10 Wandering Rocks,12444,0.327215356298,12387,12362,0.00217970452894,0.051568713396,1.00460159845,0.0744928272393,1.19,0.440340777126
6-gram,LancasterStemmer,11 Sirens,12132,0.319011306863,12109,12084,0.0024774960773,0.0588417923028,1.00189941366,0.0505615615624,1.07666666667,0.312178723739
6-gram,LancasterStemmer,12 Cyclops,21216,0.557875361557,21193,21156,0.0017458594819,0.0417469933836,1.001085264,0.0343286613068,1.07666666667,0.278308382115
6-gram,LancasterStemmer,13 Nausicaa,16725,0.439784380752,16714,16668,0.00293167404571,0.0583242659064,1.00065813091,0.0256456189617,1.03666666667,0.187942071453
6-gram,LancasterStemmer,14 Oxen in the Sun,20330,0.534577964765,20313,20274,0.00201841185448,0.047023994915,1.00083690248,0.0364485616281,1.05666666667,0.294599539865
6-gram,LancasterStemmer,15 Circe,38030,1.0,37986,37863,0.0033433370189,0.0599617711534,1.00115832149,0.0362620008856,1.14666666667,0.380992854993
6-gram,LancasterStemmer,16 Eumaeus,22719,0.597396792006,22705,22681,0.00118916538207,0.0381052521519,1.00061660427,0.0265388469221,1.04666666667,0.226175939382
6-gram,LancasterStemmer,17 Ithaca,22433,0.589876413358,22345,22286,0.00290892817185,0.0586301901925,1.00393824122,0.0700520647641,1.29333333333,0.529737880675
6-gram,LancasterStemmer,18 Penelope,24192,0.636129371549,24183,24169,0.000578919075384,0.024053771598,1.00037216226,0.0192879174095,1.03,0.170587221092
6-gram,PorterStemmer,01 Telemachus,7160,0.188272416513,7142,7102,0.00574068888267,0.077380662816,1.00252030244,0.0501393110435,1.06,0.237486841741
6-gram,PorterStemmer,02 Nestor,4399,0.115671838023,4391,4355,0.00842632657709,0.0938658655198,1.00182190845,0.0426449187911,1.02666666667,0.161107279648
6-gram,PorterStemmer,03 Proteus,5672,0.149145411517,5670,5646,0.0042328042328,0.064922165715,1.00035273369,0.0187778929865,1.00666666667,0.0813770374382
6-gram,PorterStemmer,04 Calypso,5886,0.154772547988,5874,5849,0.00459652706844,0.0725007998607,1.00204290092,0.045152269878,1.04,0.195959179423
6-gram,PorterStemmer,05 Lotus Eaters,6370,0.167499342624,6365,6295,0.0124116260801,0.124095775254,1.00078554595,0.0280165820898,1.01666666667,0.128019095798
6-gram,PorterStemmer,06 Hades,10884,0.286195109124,10884,10867,0.00183755972069,0.048841079136,1.0,0.0,1.0,0.0
6-gram,PorterStemmer,07 Aeolus,9872,0.259584538522,9856,9796,0.00629058441558,0.0815895650138,1.00162337662,0.0402584310638,1.05333333333,0.224697327285
6-gram,PorterStemmer,08 Laestrogynians,12561,0.330291874836,12549,12487,0.00589688421388,0.0899631283181,1.00095625149,0.030908527581,1.04,0.195959179423
6-gram,PorterStemmer,09 Scylla and Charybdis,11726,0.308335524586,11719,11677,0.00383991808175,0.0671403396945,1.00059732059,0.0244328426223,1.02333333333,0.150959891656
6-gram,PorterStemmer,10 Wandering Rocks,12444,0.327215356298,12387,12362,0.00217970452894,0.051568713396,1.00460159845,0.0744928272393,1.19,0.440340777126
6-gram,PorterStemmer,11 Sirens,12132,0.319011306863,12109,12084,0.0024774960773,0.0588417923028,1.00189941366,0.0505615615624,1.07666666667,0.312178723739
6-gram,PorterStemmer,12 Cyclops,21216,0.557875361557,21193,21156,0.0017458594819,0.0417469933836,1.001085264,0.0343286613068,1.07666666667,0.278308382115
6-gram,PorterStemmer,13 Nausicaa,16725,0.439784380752,16714,16668,0.00293167404571,0.0583242659064,1.00065813091,0.0256456189617,1.03666666667,0.187942071453
6-gram,PorterStemmer,14 Oxen in the Sun,20330,0.534577964765,20313,20274,0.00201841185448,0.047023994915,1.00083690248,0.0364485616281,1.05666666667,0.294599539865
6-gram,PorterStemmer,15 Circe,38030,1.0,37987,37864,0.00334324900624,0.0599609843613,1.0011319662,0.0358975434178,1.14333333333,0.377874170709
6-gram,PorterStemmer,16 Eumaeus,22719,0.597396792006,22705,22681,0.00118916538207,0.0381052521519,1.00061660427,0.0265388469221,1.04666666667,0.226175939382
6-gram,PorterStemmer,17 Ithaca,22433,0.589876413358,22345,22286,0.00290892817185,0.0586301901925,1.00393824122,0.0700520647641,1.29333333333,0.529737880675
6-gram,PorterStemmer,18 Penelope,24192,0.636129371549,24183,24169,0.000578919075384,0.024053771598,1.00037216226,0.0192879174095,1.03,0.170587221092
7-gram,none,01 Telemachus,7159,0.188251071551,7151,7127,0.00335617396168,0.0578351973976,1.00111872465,0.0334286270888,1.02666666667,0.161107279648
7-gram,none,02 Nestor,4398,0.115648583975,4394,4371,0.00523441055985,0.0721596251788,1.00091033227,0.0301579768293,1.01333333333,0.114697670227
7-gram,none,03 Proteus,5671,0.149123037682,5671,5657,0.00246870040557,0.0496246503653,1.0,0.0,1.0,0.0
7-gram,none,04 Calypso,5885,0.154750322123,5878,5868,0.00170125893161,0.0412112199487,1.00119088125,0.0344885930993,1.02333333333,0.150959891656
7-gram,none,05 Lotus Eaters,6369,0.167477451419,6369,6320,0.00832155754436,0.0975109910832,1.0,0.0,1.0,0.0
7-gram,none,06 Hades,10883,0.28617633911,10883,10878,0.000551318570247,0.0271069635856,1.0,0.0,1.0,0.0
7-gram,none,07 Aeolus,9871,0.259565068763,9862,9823,0.0039545731089,0.0627609310035,1.00091259379,0.0301953798938,1.03,0.170587221092
7-gram,none,08 Laestrogynians,12560,0.330274264377,12554,12518,0.0031862354628,0.0617521696699,1.00047793532,0.0218565069773,1.02,0.14
7-gram,none,09 Scylla and Charybdis,11725,0.308317336769,11722,11696,0.00221805152704,0.047043934513,1.00025592902,0.0159957345154,1.01,0.0994987437107
7-gram,none,10 Wandering Rocks,12443,0.32719766494,12407,12396,0.000886596276296,0.0297625641257,1.00290158781,0.056705971885,1.12,0.34486712417
7-gram,none,11 Sirens,12131,0.318993399774,12123,12115,0.000742390497402,0.0301133694535,1.00065990266,0.0256800933182,1.02666666667,0.161107279648
7-gram,none,12 Cyclops,21215,0.55786373557,21206,21187,0.000895972837876,0.029919392884,1.00042440819,0.0205967974223,1.03,0.170587221092
7-gram,none,13 Nausicaa,16724,0.439769649478,16722,16696,0.00155483793805,0.0394007667061,1.00011960292,0.0109356578884,1.00666666667,0.0813770374382
7-gram,none,14 Oxen in the Sun,20329,0.534565726156,20315,20291,0.00118139305932,0.0343510897899,1.00068914595,0.0329008923217,1.04666666667,0.266749986983
7-gram,none,15 Circe,38029,1.0,38010,37943,0.00176269402789,0.0419474306442,1.00049986846,0.0223521494984,1.06333333333,0.243561536828
7-gram,none,16 Eumaeus,22718,0.597386205264,22713,22703,0.000440276493638,0.0209781469689,1.00022013825,0.0148354233499,1.01666666667,0.128019095798
7-gram,none,17 Ithaca,22432,0.589865628862,22379,22337,0.00196612896019,0.0462709659882,1.0023682917,0.0546650654787,1.17666666667,0.438317490208
7-gram,none,18 Penelope,24191,0.636119803308,24189,24184,0.000206705527306,0.0143757712882,1.00008268221,0.00909259998979,1.00666666667,0.0813770374382
7-gram,LancasterStemmer,01 Telemachus,7159,0.188251071551,7151,7127,0.00335617396168,0.0578351973976,1.00111872465,0.0334286270888,1.02666666667,0.161107279648
7-gram,LancasterStemmer,02 Nestor,4398,0.115648583975,4394,4371,0.00523441055985,0.0721596251788,1.00091033227,0.0301579768293,1.01333333333,0.114697670227
7-gram,LancasterStemmer,03 Proteus,5671,0.149123037682,5671,5657,0.00246870040557,0.0496246503653,1.0,0.0,1.0,0.0
7-gram,LancasterStemmer,04 Calypso,5885,0.154750322123,5877,5866,0.00187170324996,0.0432226789649,1.00136123873,0.0368698488791,1.02666666667,0.161107279648
7-gram,LancasterStemmer,05 Lotus Eaters,6369,0.167477451419,6369,6319,0.00847856806406,0.0982993698112,1.0,0.0,1.0,0.0
7-gram,LancasterStemmer,06 Hades,10883,0.28617633911,10883,10878,0.000551318570247,0.0271069635856,1.0,0.0,1.0,0.0
7-gram,LancasterStemmer,07 Aeolus,9871,0.259565068763,9862,9823,0.0039545731089,0.0627609310035,1.00091259379,0.0301953798938,1.03,0.170587221092
7-gram,LancasterStemmer,08 Laestrogynians,12560,0.330274264377,12554,12516,0.00334554723594,0.0630206445714,1.00047793532,0.0218565069773,1.02,0.14
7-gram,LancasterStemmer,09 Scylla and Charybdis,11725,0.308317336769,11722,11696,0.00221805152704,0.047043934513,1.00025592902,0.0159957345154,1.01,0.0994987437107
7-gram,LancasterStemmer,10 Wandering Rocks,12443,0.32719766494,12407,12396,0.000886596276296,0.0297625641257,1.00290158781,0.056705971885,1.12,0.34486712417
7-gram,LancasterStemmer,11 Sirens,12131,0.318993399774,12122,12113,0.000824946378485,0.0314524262602,1.00074245174,0.0272378506136,1.03,0.170587221092
7-gram,LancasterStemmer,12 Cyclops,21215,0.55786373557,21206,21186,0.000943129303027,0.0306959249762,1.00042440819,0.0205967974223,1.03,0.170587221092
7-gram,LancasterStemmer,13 Nausicaa,16724,0.439769649478,16721,16695,0.00155493092518,0.0394019430359,1.00017941511,0.0133933907944,1.01,0.0994987437107
7-gram,LancasterStemmer,14 Oxen in the Sun,20329,0.534565726156,20315,20291,0.00118139305932,0.0343510897899,1.00068914595,0.0329008923217,1.04666666667,0.266749986983
7-gram,LancasterStemmer,15 Circe,38029,1.0,38009,37938,0.00186797863664,0.0431797324268,1.00052619117,0.0229328211982,1.06666666667,0.249443825785
7-gram,LancasterStemmer,16 Eumaeus,22718,0.597386205264,22713,22703,0.000440276493638,0.0209781469689,1.00022013825,0.0148354233499,1.01666666667,0.128019095798
7-gram,LancasterStemmer,17 Ithaca,22432,0.589865628862,22379,22337,0.00196612896019,0.0462709659882,1.0023682917,0.0546650654787,1.17666666667,0.438317490208
7-gram,LancasterStemmer,18 Penelope,24191,0.636119803308,24188,24183,0.000206714073094,0.0143760683911,1.00012402844,0.0111361151575,1.01,0.0994987437107
7-gram,PorterStemmer,01 Telemachus,7159,0.188251071551,7151,7127,0.00335617396168,0.0578351973976,1.00111872465,0.0334286270888,1.02666666667,0.161107279648
7-gram,PorterStemmer,02 Nestor,4398,0.115648583975,4394,4371,0.00523441055985,0.0721596251788,1.00091033227,0.0301579768293,1.01333333333,0.114697670227
7-gram,PorterStemmer,03 Proteus,5671,0.149123037682,5671,5657,0.00246870040557,0.0496246503653,1.0,0.0,1.0,0.0
7-gram,PorterStemmer,04 Calypso,5885,0.154750322123,5877,5866,0.00187170324996,0.0432226789649,1.00136123873,0.0368698488791,1.02666666667,0.161107279648
7-gram,PorterStemmer,05 Lotus Eaters,6369,0.167477451419,6369,6319,0.00847856806406,0.0982993698112,1.0,0.0,1.0,0.0
7-gram,PorterStemmer,06 Hades,10883,0.28617633911,10883,10878,0.000551318570247,0.0271069635856,1.0,0.0,1.0,0.0
7-gram,PorterStemmer,07 Aeolus,9871,0.259565068763,9862,9823,0.0039545731089,0.0627609310035,1.00091259379,0.0301953798938,1.03,0.170587221092
7-gram,PorterStemmer,08 Laestrogynians,12560,0.330274264377,12554,12516,0.00334554723594,0.0630206445714,1.00047793532,0.0218565069773,1.02,0.14
7-gram,PorterStemmer,09 Scylla and Charybdis,11725,0.308317336769,11722,11696,0.00221805152704,0.047043934513,1.00025592902,0.0159957345154,1.01,0.0994987437107
7-gram,PorterStemmer,10 Wandering Rocks,12443,0.32719766494,12407,12396,0.000886596276296,0.0297625641257,1.00290158781,0.056705971885,1.12,0.34486712417
7-gram,PorterStemmer,11 Sirens,12131,0.318993399774,12122,12113,0.000824946378485,0.0314524262602,1.00074245174,0.0272378506136,1.03,0.170587221092
7-gram,PorterStemmer,12 Cyclops,21215,0.55786373557,21206,21186,0.000943129303027,0.0306959249762,1.00042440819,0.0205967974223,1.03,0.170587221092
7-gram,PorterStemmer,13 Nausicaa,16724,0.439769649478,16721,16695,0.00155493092518,0.0394019430359,1.00017941511,0.0133933907944,1.01,0.0994987437107
7-gram,PorterStemmer,14 Oxen in the Sun,20329,0.534565726156,20315,20291,0.00118139305932,0.0343510897899,1.00068914595,0.0329008923217,1.04666666667,0.266749986983
7-gram,PorterStemmer,15 Circe,38029,1.0,38010,37939,0.00186792949224,0.0431791654812,1.00049986846,0.0223521494983,1.06333333333,0.243561536828
7-gram,PorterStemmer,16 Eumaeus,22718,0.597386205264,22713,22703,0.000440276493638,0.0209781469689,1.00022013825,0.0148354233499,1.01666666667,0.128019095798
7-gram,PorterStemmer,17 Ithaca,22432,0.589865628862,22379,22337,0.00196612896019,0.0462709659882,1.0023682917,0.0546650654787,1.17666666667,0.438317490208
7-gram,PorterStemmer,18 Penelope,24191,0.636119803308,24188,24183,0.000206714073094,0.0143760683911,1.00012402844,0.0111361151575,1.01,0.0994987437107
8-gram,none,01 Telemachus,7158,0.188229725465,7154,7140,0.00195694716243,0.0441940892001,1.00055912776,0.0236392710725,1.01333333333,0.114697670227
8-gram,none,02 Nestor,4397,0.115625328705,4394,4379,0.0034137460173,0.0583274579887,1.0006827492,0.0261205485583,1.01,0.0994987437107
8-gram,none,03 Proteus,5670,0.14910066267,5670,5664,0.0010582010582,0.0325127862344,1.0,0.0,1.0,0.0
8-gram,none,04 Calypso,5884,0.154728095088,5880,5876,0.000680272108844,0.026073153601,1.00068027211,0.026073153601,1.01333333333,0.114697670227
8-gram,none,05 Lotus Eaters,6368,0.167455559062,6368,6330,0.0061243718593,0.0800058390393,1.0,0.0,1.0,0.0
8-gram,none,06 Hades,10882,0.286157568108,10882,10881,9.18948722661e-05,0.00958574084766,1.0,0.0,1.0,0.0
8-gram,none,07 Aeolus,9870,0.25954559798,9864,9835,0.0029399837794,0.0541418532632,1.00060827251,0.0246556790748,1.02,0.14
8-gram,none,08 Laestrogynians,12559,0.330256652993,12556,12534,0.00183179356483,0.0445839039801,1.0002389296,0.0154555008997,1.01,0.0994987437107
8-gram,none,09 Scylla and Charybdis,11724,0.308299147996,11723,11707,0.00136483835196,0.0369184989975,1.0000853024,0.00923553574507,1.00333333333,0.0576387215526
8-gram,none,10 Wandering Rocks,12442,0.327179972652,12419,12414,0.000402608905709,0.0200610770344,1.00185200097,0.0448287253997,1.07666666667,0.278308382115
8-gram,none,11 Sirens,12130,0.318975491743,12126,12123,0.000247402276101,0.0157270807277,1.0003298697,0.0181593195756,1.01333333333,0.114697670227
8-gram,none,12 Cyclops,21214,0.557852108972,21210,21197,0.000612918434701,0.0247496013239,1.00018859029,0.0137315229055,1.01333333333,0.114697670227
8-gram,none,13 Nausicaa,16723,0.439754917429,16723,16707,0.000956766130479,0.0309168356895,1.0,0.0,1.0,0.0
8-gram,none,14 Oxen in the Sun,20328,0.534553486904,20315,20299,0.000787595372877,0.0280530758814,1.00063992124,0.0305754804721,1.04333333333,0.247902310509
8-gram,none,15 Circe,38028,1.0,38018,37976,0.00110473986007,0.0332192626334,1.0002630333,0.0162161682743,1.03333333333,0.179505493571
8-gram,none,16 Eumaeus,22717,0.597375617966,22714,22709,0.000220128555076,0.0148350968482,1.00013207713,0.0114917226157,1.01,0.0994987437107
8-gram,none,17 Ithaca,22431,0.589854843799,22400,22370,0.00138392857143,0.0383575159183,1.00138392857,0.0406185974154,1.10333333333,0.335642005052
8-gram,none,18 Penelope,24190,0.636110234564,24189,24187,8.26822109223e-05,0.00909259998979,1.00004134111,0.00642957202107,1.00333333333,0.0576387215526
8-gram,LancasterStemmer,01 Telemachus,7158,0.188229725465,7154,7140,0.00195694716243,0.0441940892001,1.00055912776,0.0236392710725,1.01333333333,0.114697670227
8-gram,LancasterStemmer,02 Nestor,4397,0.115625328705,4394,4379,0.0034137460173,0.0583274579887,1.0006827492,0.0261205485583,1.01,0.0994987437107
8-gram,LancasterStemmer,03 Proteus,5670,0.14910066267,5670,5664,0.0010582010582,0.0325127862344,1.0,0.0,1.0,0.0
8-gram,LancasterStemmer,04 Calypso,5884,0.154728095088,5880,5876,0.000680272108844,0.026073153601,1.00068027211,0.026073153601,1.01333333333,0.114697670227
8-gram,LancasterStemmer,05 Lotus Eaters,6368,0.167455559062,6368,6329,0.00628140703518,0.0809692615293,1.0,0.0,1.0,0.0
8-gram,LancasterStemmer,06 Hades,10882,0.286157568108,10882,10881,9.18948722661e-05,0.00958574084766,1.0,0.0,1.0,0.0
8-gram,LancasterStemmer,07 Aeolus,9870,0.25954559798,9864,9835,0.0029399837794,0.0541418532632,1.00060827251,0.0246556790748,1.02,0.14
8-gram,LancasterStemmer,08 Laestrogynians,12559,0.330256652993,12556,12532,0.00199107996177,0.0463292775607,1.0002389296,0.0154555008997,1.01,0.0994987437107
8-gram,LancasterStemmer,09 Scylla and Charybdis,11724,0.308299147996,11723,11707,0.00136483835196,0.0369184989975,1.0000853024,0.00923553574507,1.00333333333,0.0576387215526
8-gram,LancasterStemmer,10 Wandering Rocks,12442,0.327179972652,12419,12414,0.000402608905709,0.0200610770344,1.00185200097,0.0448287253997,1.07666666667,0.278308382115
8-gram,LancasterStemmer,11 Sirens,12130,0.318975491743,12125,12122,0.000247422680412,0.0157277290932,1.00041237113,0.0203027358764,1.01666666667,0.128019095798
8-gram,LancasterStemmer,12 Cyclops,21214,0.557852108972,21210,21196,0.000660066006601,0.0256832692519,1.00018859029,0.0137315229055,1.01333333333,0.114697670227
8-gram,LancasterStemmer,13 Nausicaa,16723,0.439754917429,16722,16706,0.00095682334649,0.0309177592263,1.00005980146,0.00773290908657,1.00333333333,0.0576387215526
8-gram,LancasterStemmer,14 Oxen in the Sun,20328,0.534553486904,20315,20299,0.000787595372877,0.0280530758814,1.00063992124,0.0305754804721,1.04333333333,0.247902310509
8-gram,LancasterStemmer,15 Circe,38028,1.0,38018,37972,0.00120995318007,0.0347633311605,1.0002630333,0.0162161682743,1.03333333333,0.179505493571
8-gram,LancasterStemmer,16 Eumaeus,22717,0.597375617966,22714,22709,0.000220128555076,0.0148350968482,1.00013207713,0.0114917226157,1.01,0.0994987437107
8-gram,LancasterStemmer,17 Ithaca,22431,0.589854843799,22400,22370,0.00138392857143,0.0383575159183,1.00138392857,0.0406185974154,1.10333333333,0.335642005052
8-gram,LancasterStemmer,18 Penelope,24190,0.636110234564,24189,24187,8.26822109223e-05,0.00909259998979,1.00004134111,0.00642957202107,1.00333333333,0.0576387215526
8-gram,PorterStemmer,01 Telemachus,7158,0.188229725465,7154,7140,0.00195694716243,0.0441940892001,1.00055912776,0.0236392710725,1.01333333333,0.114697670227
8-gram,PorterStemmer,02 Nestor,4397,0.115625328705,4394,4379,0.0034137460173,0.0583274579887,1.0006827492,0.0261205485583,1.01,0.0994987437107
8-gram,PorterStemmer,03 Proteus,5670,0.14910066267,5670,5664,0.0010582010582,0.0325127862344,1.0,0.0,1.0,0.0
8-gram,PorterStemmer,04 Calypso,5884,0.154728095088,5880,5876,0.000680272108844,0.026073153601,1.00068027211,0.026073153601,1.01333333333,0.114697670227
8-gram,PorterStemmer,05 Lotus Eaters,6368,0.167455559062,6368,6329,0.00628140703518,0.0809692615293,1.0,0.0,1.0,0.0
8-gram,PorterStemmer,06 Hades,10882,0.286157568108,10882,10881,9.18948722661e-05,0.00958574084766,1.0,0.0,1.0,0.0
8-gram,PorterStemmer,07 Aeolus,9870,0.25954559798,9864,9835,0.0029399837794,0.0541418532632,1.00060827251,0.0246556790748,1.02,0.14
8-gram,PorterStemmer,08 Laestrogynians,12559,0.330256652993,12556,12532,0.00199107996177,0.0463292775607,1.0002389296,0.0154555008997,1.01,0.0994987437107
8-gram,PorterStemmer,09 Scylla and Charybdis,11724,0.308299147996,11723,11707,0.00136483835196,0.0369184989975,1.0000853024,0.00923553574507,1.00333333333,0.0576387215526
8-gram,PorterStemmer,10 Wandering Rocks,12442,0.327179972652,12419,12414,0.000402608905709,0.0200610770343,1.00185200097,0.0448287253997,1.07666666667,0.278308382115
8-gram,PorterStemmer,11 Sirens,12130,0.318975491743,12125,12122,0.000247422680412,0.0157277290932,1.00041237113,0.0203027358764,1.01666666667,0.128019095798
8-gram,PorterStemmer,12 Cyclops,21214,0.557852108972,21210,21196,0.000660066006601,0.0256832692519,1.00018859029,0.0137315229055,1.01333333333,0.114697670227
8-gram,PorterStemmer,13 Nausicaa,16723,0.439754917429,16722,16706,0.00095682334649,0.0309177592263,1.00005980146,0.00773290908657,1.00333333333,0.0576387215526
8-gram,PorterStemmer,14 Oxen in the Sun,20328,0.534553486904,20315,20299,0.000787595372877,0.0280530758814,1.00063992124,0.0305754804721,1.04333333333,0.247902310509
8-gram,PorterStemmer,15 Circe,38028,1.0,38018,37972,0.00120995318007,0.0347633311605,1.0002630333,0.0162161682742,1.03333333333,0.179505493571
8-gram,PorterStemmer,16 Eumaeus,22717,0.597375617966,22714,22709,0.000220128555076,0.0148350968482,1.00013207713,0.0114917226157,1.01,0.0994987437107
8-gram,PorterStemmer,17 Ithaca,22431,0.589854843799,22400,22370,0.00138392857143,0.0383575159183,1.00138392857,0.0406185974154,1.10333333333,0.335642005052
8-gram,PorterStemmer,18 Penelope,24190,0.636110234564,24189,24187,8.26822109223e-05,0.00909259998979,1.00004134111,0.00642957202107,1.00333333333,0.0576387215526
9-gram,none,01 Telemachus,7157,0.188208378258,7154,7145,0.00125803746156,0.0354465062214,1.00041934582,0.0204736408487,1.01,0.0994987437107
9-gram,none,02 Nestor,4396,0.115602072212,4394,4387,0.00159308147474,0.0398816194023,1.00045516614,0.0213297669802,1.00666666667,0.0813770374382
9-gram,none,03 Proteus,5669,0.149078286481,5669,5666,0.000529193861351,0.0229981263413,1.0,0.0,1.0,0.0
9-gram,none,04 Calypso,5883,0.154705866884,5880,5879,0.000170068027211,0.0130399042971,1.00051020408,0.0225819346697,1.01,0.0994987437107
9-gram,none,05 Lotus Eaters,6367,0.167433665553,6367,6338,0.00455473535417,0.067334907292,1.0,0.0,1.0,0.0
9-gram,none,06 Hades,10881,0.286138796119,10881,10881,0.0,0.0,1.0,0.0,1.0,0.0
9-gram,none,07 Aeolus,9869,0.259526126174,9866,9847,0.00192580579769,0.0438417274947,1.0003040746,0.0174350835465,1.01,0.0994987437107
9-gram,none,08 Laestrogynians,12558,0.330239040682,12557,12543,0.00111491598312,0.0333717387241,1.00007963686,0.00892359310525,1.00333333333,0.0576387215526
9-gram,none,09 Scylla and Charybdis,11723,0.308280958266,11723,11713,0.000853023969974,0.0291941144767,1.0,0.0,1.0,0.0
9-gram,none,10 Wandering Rocks,12441,0.327162279433,12427,12424,0.000241409833427,0.0155354933851,1.00112657922,0.0335456411761,1.04666666667,0.210923893594
9-gram,none,11 Sirens,12129,0.31895758277,12127,12126,8.24606250515e-05,0.00908040887278,1.00016492125,0.0128411078605,1.00666666667,0.0813770374382
9-gram,none,12 Cyclops,21213,0.557840481763,21212,21203,0.000424288138789,0.0205938854606,1.00004714313,0.0068659233944,1.00333333333,0.0576387215526
9-gram,none,13 Nausicaa,16722,0.439740184606,16722,16713,0.0005382131324,0.0231931769929,1.0,0.0,1.0,0.0
9-gram,none,14 Oxen in the Sun,20327,0.534541247009,20315,20303,0.000590696529658,0.0242970699317,1.00059069653,0.0280579124399,1.04,0.227449628123
9-gram,none,15 Circe,38027,1.0,38019,37994,0.000657565953865,0.0256346164567,1.00021042111,0.0145043727267,1.02666666667,0.161107279648
9-gram,none,16 Eumaeus,22716,0.59736503011,22714,22714,0.0,0.0,1.00008805142,0.00938315879528,1.00666666667,0.0813770374382
9-gram,none,17 Ithaca,22430,0.589844058169,22411,22388,0.00102628173665,0.0320191892846,1.00084779796,0.0320244121768,1.06333333333,0.269546944994
9-gram,none,18 Penelope,24189,0.636100665317,24189,24189,0.0,0.0,1.0,0.0,1.0,0.0
9-gram,LancasterStemmer,01 Telemachus,7157,0.188208378258,7154,7145,0.00125803746156,0.0354465062214,1.00041934582,0.0204736408487,1.01,0.0994987437107
9-gram,LancasterStemmer,02 Nestor,4396,0.115602072212,4394,4387,0.00159308147474,0.0398816194023,1.00045516614,0.0213297669802,1.00666666667,0.0813770374382
9-gram,LancasterStemmer,03 Proteus,5669,0.149078286481,5669,5666,0.000529193861351,0.0229981263413,1.0,0.0,1.0,0.0
9-gram,LancasterStemmer,04 Calypso,5883,0.154705866884,5880,5879,0.000170068027211,0.0130399042971,1.00051020408,0.0225819346697,1.01,0.0994987437107
9-gram,LancasterStemmer,05 Lotus Eaters,6367,0.167433665553,6367,6337,0.00471179519397,0.0684806117089,1.0,0.0,1.0,0.0
9-gram,LancasterStemmer,06 Hades,10881,0.286138796119,10881,10881,0.0,0.0,1.0,0.0,1.0,0.0
9-gram,LancasterStemmer,07 Aeolus,9869,0.259526126174,9866,9847,0.00192580579769,0.0438417274947,1.0003040746,0.0174350835465,1.01,0.0994987437107
9-gram,LancasterStemmer,08 Laestrogynians,12558,0.330239040682,12557,12542,0.00119455283905,0.0345416543114,1.00007963686,0.00892359310525,1.00333333333,0.0576387215526
9-gram,LancasterStemmer,09 Scylla and Charybdis,11723,0.308280958266,11723,11713,0.000853023969974,0.0291941144767,1.0,0.0,1.0,0.0
9-gram,LancasterStemmer,10 Wandering Rocks,12441,0.327162279433,12427,12424,0.000241409833427,0.0155354933851,1.00112657922,0.0335456411761,1.04666666667,0.210923893594
9-gram,LancasterStemmer,11 Sirens,12129,0.31895758277,12127,12126,8.24606250515e-05,0.00908040887278,1.00016492125,0.0128411078605,1.00666666667,0.0813770374382
9-gram,LancasterStemmer,12 Cyclops,21213,0.557840481763,21212,21203,0.000424288138789,0.0205938854606,1.00004714313,0.0068659233944,1.00333333333,0.0576387215526
9-gram,LancasterStemmer,13 Nausicaa,16722,0.439740184606,16722,16713,0.0005382131324,0.0231931769929,1.0,0.0,1.0,0.0
9-gram,LancasterStemmer,14 Oxen in the Sun,20327,0.534541247009,20315,20303,0.000590696529658,0.0242970699317,1.00059069653,0.0280579124399,1.04,0.227449628123
9-gram,LancasterStemmer,15 Circe,38027,1.0,38019,37992,0.000710171230174,0.0266395737015,1.00021042111,0.0145043727267,1.02666666667,0.161107279648
9-gram,LancasterStemmer,16 Eumaeus,22716,0.59736503011,22714,22714,0.0,0.0,1.00008805142,0.00938315879528,1.00666666667,0.0813770374382
9-gram,LancasterStemmer,17 Ithaca,22430,0.589844058169,22411,22388,0.00102628173665,0.0320191892846,1.00084779796,0.0320244121768,1.06333333333,0.269546944994
9-gram,LancasterStemmer,18 Penelope,24189,0.636100665317,24189,24189,0.0,0.0,1.0,0.0,1.0,0.0
9-gram,PorterStemmer,01 Telemachus,7157,0.188208378258,7154,7145,0.00125803746156,0.0354465062214,1.00041934582,0.0204736408487,1.01,0.0994987437107
9-gram,PorterStemmer,02 Nestor,4396,0.115602072212,4394,4387,0.00159308147474,0.0398816194023,1.00045516614,0.0213297669802,1.00666666667,0.0813770374382
9-gram,PorterStemmer,03 Proteus,5669,0.149078286481,5669,5666,0.000529193861351,0.0229981263413,1.0,0.0,1.0,0.0
9-gram,PorterStemmer,04 Calypso,5883,0.154705866884,5880,5879,0.000170068027211,0.0130399042971,1.00051020408,0.0225819346697,1.01,0.0994987437107
9-gram,PorterStemmer,05 Lotus Eaters,6367,0.167433665553,6367,6337,0.00471179519397,0.0684806117089,1.0,0.0,1.0,0.0
9-gram,PorterStemmer,06 Hades,10881,0.286138796119,10881,10881,0.0,0.0,1.0,0.0,1.0,0.0
9-gram,PorterStemmer,07 Aeolus,9869,0.259526126174,9866,9847,0.00192580579769,0.0438417274947,1.0003040746,0.0174350835465,1.01,0.0994987437107
9-gram,PorterStemmer,08 Laestrogynians,12558,0.330239040682,12557,12542,0.00119455283905,0.0345416543114,1.00007963686,0.00892359310525,1.00333333333,0.0576387215526
9-gram,PorterStemmer,09 Scylla and Charybdis,11723,0.308280958266,11723,11713,0.000853023969974,0.0291941144767,1.0,0.0,1.0,0.0
9-gram,PorterStemmer,10 Wandering Rocks,12441,0.327162279433,12427,12424,0.000241409833427,0.0155354933851,1.00112657922,0.0335456411761,1.04666666667,0.210923893594
9-gram,PorterStemmer,11 Sirens,12129,0.31895758277,12127,12126,8.24606250515e-05,0.00908040887278,1.00016492125,0.0128411078605,1.00666666667,0.0813770374382
9-gram,PorterStemmer,12 Cyclops,21213,0.557840481763,21212,21203,0.000424288138789,0.0205938854606,1.00004714313,0.0068659233944,1.00333333333,0.0576387215526
9-gram,PorterStemmer,13 Nausicaa,16722,0.439740184606,16722,16713,0.0005382131324,0.0231931769929,1.0,0.0,1.0,0.0
9-gram,PorterStemmer,14 Oxen in the Sun,20327,0.534541247009,20315,20303,0.000590696529658,0.0242970699317,1.00059069653,0.0280579124399,1.04,0.227449628123
9-gram,PorterStemmer,15 Circe,38027,1.0,38019,37992,0.000710171230174,0.0266395737015,1.00021042111,0.0145043727267,1.02666666667,0.161107279648
9-gram,PorterStemmer,16 Eumaeus,22716,0.59736503011,22714,22714,0.0,0.0,1.00008805142,0.00938315879528,1.00666666667,0.0813770374382
9-gram,PorterStemmer,17 Ithaca,22430,0.589844058169,22411,22388,0.00102628173665,0.0320191892846,1.00084779796,0.0320244121768,1.06333333333,0.269546944994
9-gram,PorterStemmer,18 Penelope,24189,0.636100665317,24189,24189,0.0,0.0,1.0,0.0,1.0,0.0
10-gram,none,01 Telemachus,7156,0.188187029927,7154,7150,0.000559127760693,0.0236392710725,1.00027956388,0.0167178265448,1.00666666667,0.0813770374382
10-gram,none,02 Nestor,4395,0.115578814495,4394,4391,0.000682749203459,0.0261205485583,1.00022758307,0.0150841398087,1.00333333333,0.0576387215526
10-gram,none,03 Proteus,5668,0.149055909115,5668,5666,0.000352858151023,0.0187812044914,1.0,0.0,1.0,0.0
10-gram,none,04 Calypso,5882,0.154683637511,5880,5880,0.0,0.0,1.00034013605,0.0184396410455,1.00666666667,0.0813770374382
10-gram,none,05 Lotus Eaters,6366,0.167411770894,6366,6344,0.00345585925228,0.0586848897852,1.0,0.0,1.0,0.0
10-gram,none,06 Hades,10880,0.286120023142,10880,10880,0.0,0.0,1.0,0.0,1.0,0.0
10-gram,none,07 Aeolus,9868,0.259506653342,9867,9852,0.00152021891152,0.038960336831,1.00010134793,0.0100666606197,1.00333333333,0.0576387215526
10-gram,none,08 Laestrogynians,12557,0.330221427444,12557,12546,0.000876005415306,0.0295844220802,1.0,0.0,1.0,0.0
10-gram,none,09 Scylla and Charybdis,11722,0.30826276758,11722,11715,0.000597167718819,0.0244297177539,1.0,0.0,1.0,0.0
10-gram,none,10 Wandering Rocks,12440,0.327144585284,12430,12429,8.04505229284e-05,0.00896906074468,1.00080450523,0.0283523896809,1.03333333333,0.179505493571
10-gram,none,11 Sirens,12128,0.318939672855,12128,12128,0.0,0.0,1.0,0.0,1.0,0.0
10-gram,none,12 Cyclops,21212,0.557828853942,21212,21205,0.000330001885725,0.0181629563805,1.0,0.0,1.0,0.0
10-gram,none,13 Nausicaa,16721,0.439725451007,16721,16714,0.000418635249088,0.0204562947186,1.0,0.0,1.0,0.0
10-gram,none,14 Oxen in the Sun,20326,0.534529006469,20315,20306,0.000443022397243,0.02104343433,1.00054147182,0.0252908688805,1.03666666667,0.204911905191
10-gram,none,15 Circe,38026,1.0,38020,38004,0.000420831141504,0.0205098523314,1.00015781168,0.0125613205332,1.02,0.14
10-gram,none,16 Eumaeus,22715,0.597354441698,22714,22714,0.0,0.0,1.00004402571,0.00663504127734,1.00333333333,0.0576387215526
10-gram,none,17 Ithaca,22429,0.589833271972,22417,22399,0.000802962037739,0.0283252059076,1.00053530803,0.0249847848634,1.04,0.212289111041
10-gram,none,18 Penelope,24188,0.636091095566,24188,24188,0.0,0.0,1.0,0.0,1.0,0.0
10-gram,LancasterStemmer,01 Telemachus,7156,0.188187029927,7154,7150,0.000559127760693,0.0236392710725,1.00027956388,0.0167178265448,1.00666666667,0.0813770374382
10-gram,LancasterStemmer,02 Nestor,4395,0.115578814495,4394,4391,0.000682749203459,0.0261205485583,1.00022758307,0.0150841398087,1.00333333333,0.0576387215526
10-gram,LancasterStemmer,03 Proteus,5668,0.149055909115,5668,5666,0.000352858151023,0.0187812044914,1.0,0.0,1.0,0.0
10-gram,LancasterStemmer,04 Calypso,5882,0.154683637511,5880,5880,0.0,0.0,1.00034013605,0.0184396410455,1.00666666667,0.0813770374382
10-gram,LancasterStemmer,05 Lotus Eaters,6366,0.167411770894,6366,6343,0.00361294376374,0.0599990866689,1.0,0.0,1.0,0.0
10-gram,LancasterStemmer,06 Hades,10880,0.286120023142,10880,10880,0.0,0.0,1.0,0.0,1.0,0.0
10-gram,LancasterStemmer,07 Aeolus,9868,0.259506653342,9867,9852,0.00152021891152,0.038960336831,1.00010134793,0.0100666606197,1.00333333333,0.0576387215526
10-gram,LancasterStemmer,08 Laestrogynians,12557,0.330221427444,12557,12546,0.000876005415306,0.0295844220802,1.0,0.0,1.0,0.0
10-gram,LancasterStemmer,09 Scylla and Charybdis,11722,0.30826276758,11722,11715,0.000597167718819,0.0244297177539,1.0,0.0,1.0,0.0
10-gram,LancasterStemmer,10 Wandering Rocks,12440,0.327144585284,12430,12429,8.04505229284e-05,0.00896906074468,1.00080450523,0.0283523896809,1.03333333333,0.179505493571
10-gram,LancasterStemmer,11 Sirens,12128,0.318939672855,12128,12128,0.0,0.0,1.0,0.0,1.0,0.0
10-gram,LancasterStemmer,12 Cyclops,21212,0.557828853942,21212,21205,0.000330001885725,0.0181629563805,1.0,0.0,1.0,0.0
10-gram,LancasterStemmer,13 Nausicaa,16721,0.439725451007,16721,16714,0.000418635249088,0.0204562947186,1.0,0.0,1.0,0.0
10-gram,LancasterStemmer,14 Oxen in the Sun,20326,0.534529006469,20315,20306,0.000443022397243,0.02104343433,1.00054147182,0.0252908688805,1.03666666667,0.204911905191
10-gram,LancasterStemmer,15 Circe,38026,1.0,38020,38003,0.000447133087849,0.0211407937375,1.00015781168,0.0125613205332,1.02,0.14
10-gram,LancasterStemmer,16 Eumaeus,22715,0.597354441698,22714,22714,0.0,0.0,1.00004402571,0.00663504127734,1.00333333333,0.0576387215526
10-gram,LancasterStemmer,17 Ithaca,22429,0.589833271972,22417,22399,0.000802962037739,0.0283252059076,1.00053530803,0.0249847848634,1.04,0.212289111041
10-gram,LancasterStemmer,18 Penelope,24188,0.636091095566,24188,24188,0.0,0.0,1.0,0.0,1.0,0.0
10-gram,PorterStemmer,01 Telemachus,7156,0.188187029927,7154,7150,0.000559127760693,0.0236392710725,1.00027956388,0.0167178265448,1.00666666667,0.0813770374382
10-gram,PorterStemmer,02 Nestor,4395,0.115578814495,4394,4391,0.000682749203459,0.0261205485583,1.00022758307,0.0150841398087,1.00333333333,0.0576387215526
10-gram,PorterStemmer,03 Proteus,5668,0.149055909115,5668,5666,0.000352858151023,0.0187812044914,1.0,0.0,1.0,0.0
10-gram,PorterStemmer,04 Calypso,5882,0.154683637511,5880,5880,0.0,0.0,1.00034013605,0.0184396410455,1.00666666667,0.0813770374382
10-gram,PorterStemmer,05 Lotus Eaters,6366,0.167411770894,6366,6343,0.00361294376374,0.0599990866689,1.0,0.0,1.0,0.0
10-gram,PorterStemmer,06 Hades,10880,0.286120023142,10880,10880,0.0,0.0,1.0,0.0,1.0,0.0
10-gram,PorterStemmer,07 Aeolus,9868,0.259506653342,9867,9852,0.00152021891152,0.038960336831,1.00010134793,0.0100666606197,1.00333333333,0.0576387215526
10-gram,PorterStemmer,08 Laestrogynians,12557,0.330221427444,12557,12546,0.000876005415306,0.0295844220802,1.0,0.0,1.0,0.0
10-gram,PorterStemmer,09 Scylla and Charybdis,11722,0.30826276758,11722,11715,0.000597167718819,0.0244297177539,1.0,0.0,1.0,0.0
10-gram,PorterStemmer,10 Wandering Rocks,12440,0.327144585284,12430,12429,8.04505229284e-05,0.00896906074468,1.00080450523,0.0283523896809,1.03333333333,0.179505493571
10-gram,PorterStemmer,11 Sirens,12128,0.318939672855,12128,12128,0.0,0.0,1.0,0.0,1.0,0.0
10-gram,PorterStemmer,12 Cyclops,21212,0.557828853942,21212,21205,0.000330001885725,0.0181629563805,1.0,0.0,1.0,0.0
10-gram,PorterStemmer,13 Nausicaa,16721,0.439725451007,16721,16714,0.000418635249088,0.0204562947186,1.0,0.0,1.0,0.0
10-gram,PorterStemmer,14 Oxen in the Sun,20326,0.534529006469,20315,20306,0.000443022397243,0.02104343433,1.00054147182,0.0252908688805,1.03666666667,0.204911905191
10-gram,PorterStemmer,15 Circe,38026,1.0,38020,38003,0.000447133087849,0.0211407937375,1.00015781168,0.0125613205332,1.02,0.14
10-gram,PorterStemmer,16 Eumaeus,22715,0.597354441698,22714,22714,0.0,0.0,1.00004402571,0.00663504127734,1.00333333333,0.0576387215526
10-gram,PorterStemmer,17 Ithaca,22429,0.589833271972,22417,22399,0.000802962037739,0.0283252059076,1.00053530803,0.0249847848634,1.04,0.212289111041
10-gram,PorterStemmer,18 Penelope,24188,0.636091095566,24188,24188,0.0,0.0,1.0,0.0,1.0,0.0
